249
393
417
566
737
1105
1288
1512
1524
1757
1832
2112
2200
2228
2430
2469
2513
2516
2567
2682
2688
2792
2913
2967
3305
3318
3409
3443
3561
3605
3766
4052
4220
4697
4762
4945
5138
5301
5517
5713
5714
5825
5869
5990
6024
6186
6280
6291
6509
6759
6891
7051
7122
7311
7339
7470
7968
8017
8108
8149
8193
8303
8529
8533
8592
8816
8839
9142
9142
9154
9222
9512
9631
9834
9902
10454
10511
11264
11486
11498
11646
12397
12427
12491
12549
12632
12705
13333
13371
13427
13452
13664
13682
13906
14055
14114
14155
14185
14435
14513
14608
14650
14654
14980
15070
15211
15897
15939
15989
16490
16723
16767
17249
17258
17348
17510
17515
17632
17673
17776
17845
17965
18037
18070
18114
18115
18604
18812
19196
19384
19539
19594
19672
19702
19795
19818
20201
20313
20328
20436
20438
20492
20624
20738
20791
20885
20992
20993
21342
21370
21692
21731
21858
22049
22104
22202
22361
22411
22658
22908
23421
23436
23617
23698
23801
23879
23888
23919
23946
24340
24374
24398
24488
24581
24669
24899
24919
24924
25153
25499
25684
25747
25886
26488
26780
26972
26997
27107
27115
27196
27202
27416
27520
27536
27585
27974
28261
28400
28437
28633
28765
29301
29354
29409
29507
29552
29601
29919
30008
30008
30344
30360
30398
30474
30481
30528
30549
30565
30709
30738
30944
31029
31629
31786
31925
31925
31943
32075
32183
32185
32208
32401
32513
32707
32786
33321
33525
33579
33587
33602
33624
34236
34255
34276
34343
34524
34555
34683
34837
35045
35279
35424
35465
35671
35849
35852
35893
35901
35971
36062
36218
36278
36519
36666
36673
36726
37041
37191
37256
37296
37348
37357
37388
37442
37451
37770
37811
37813
37863
37914
38350
38471
38716
38803
38925
39027
39039
39175
39518
39520
39779
39780
39940
39942
39969
40154
40165
40168
40255
40375
40417
40508
40517
40868
40968
41087
41091
41092
41103
41181
41343
41363
41811
41893
42333
42407
42552
42558
42584
42630
42654
42800
43107
43232
43271
43368
43409
43658
43809
43913
44174
44188
44760
44884
44996
45114
45231
45239
45332
45353
45713
45724
45793
46190
46701
46936
46961
47091
47151
47246
47372
47474
47556
47676
47769
48460
48615
48647
48694
48985
49031
49148
49349
49465
49483
49581
49678
49923
49980
50036
50182
50447
50476
50620
50806
50863
50999
51057
51169
51262
51615
51706
51858
51929
52201
52319
52441
52766
52822
52832
53241
53283
53411
53546
53592
53797
54138
54251
54626
54731
55084
55132
55144
55147
55351
55364
55492
55623
55749
55810
55977
56520
56737
56926
56953
57285
57602
57603
57611
57694
57706
57914
57973
58221
58263
58284
58386
58467
58695
58859
58979
59299
59387
59437
59936
59938
60346
60374
60435
60463
60724
60958
61064
61160
61219
61368
61496
61525
61805
61860
61888
61897
62205
62246
62433
62433
62763
62959
62969
62984
63060
63344
63388
63445
63476
63495
63648
63793
64056
64524
64566
64732
64864
64910
64988
65003
65106
65114
65261
65489
65602
65733
65753
65940
66019
66130
66167
66265
66271
66541
66775
67147
67299
67337
67355
67393
67476
67610
68050
68052
68145
68314
68467
68473
68668
68679
68902
69008
69660
69859
69928
70110
70193
70405
70591
70694
70711
70785
71104
71125
71348
71410
71455
71508
71682
71800
71834
71871
72035
72220
72505
72577
72709
72714
72797
73157
73185
73313
73659
73692
73767
74071
74105
74226
74359
74545
74706
74710
75006
75155
75425
75556
75628
75728
75860
75995
76144
76269
76702
76745
76802
76892
76934
76954
76996
77075
77207
77215
77645
77762
77939
77970
78225
78465
78525
78539
78656
78844
78963
79073
79109
79308
79347
79755
79863
79885
79926
80133
80158
80166
80302
80626
80848
80882
81651
82333
82622
82675
82680
82684
82741
82774
82897
82910
82977
83061
83347
83404
83424
83477
83504
83554
83574
83757
84011
84062
84122
84318
84449
84530
84632
84704
84918
85058
85221
85310
85379
85564
85639
85710
85888
86049
86153
86295
86516
86581
86719
86751
86773
87280
87617
87810
87823
87836
88017
88304
88390
88632
88787
88877
88902
89012
89111
89189
89197
89506
89547
89780
90036
90054
90069
90262
90433
90437
90768
91214
91351
91614
91640
91720
91887
91985
92029
92071
92710
92942
93432
93522
93650
93984
94013
94256
94338
94591
94718
94973
94980
95044
95147
95548
95730
95902
96097
96140
96173
96174
96295
96345
96422
96631
96731
96907
97088
97375
97430
97447
97492
97687
97799
98347
98408
98599
98964
98977
99019
99090
99620
99693
99717
99939
100022
100094
100173
100209
100302
100492
100595
100889
100991
101291
101431
101473
101537
101711
101717
101724
101748
101923
102111
102202
102209
102312
102501
102835
102916
102974
103010
103018
103262
103461
103469
103554
103649
103993
104008
104312
104504
104515
104551
104925
105027
105124
105157
105238
105239
105438
105457
105533
105903
105934
105969
106063
106145
106401
106636
106873
106895
106944
107019
107081
107104
107221
107266
107741
107753
107791
107794
107832
107989
108327
108409
108444
108679
108704
108830
109146
109764
109975
110200
110377
110722
110753
110817
111149
111230
111453
111459
111746
111855
111876
111887
112322
112500
112529
112584
112667
112886
112932
113150
113158
113308
113461
113515
113582
113941
114033
114210
114332
114444
114497
114726
114983
115012
115079
115131
115576
115678
116480
116710
116719
116789
116795
117428
117450
117509
118275
118434
118445
118513
118578
118645
118789
118791
118810
118975
119451
119578
119771
119782
119859
119871
119995
120216
120261
120311
120366
120371
120531
120602
120824
120871
120903
120936
121030
121031
121054
121084
121268
121289
121359
121551
121725
121832
122040
122427
122464
122468
122493
122965
122970
122987
123129
123236
123339
123378
123799
123886
124010
124021
124214
124463
124606
125116
125160
125261
125416
125762
125800
125821
125915
126026
126119
126210
126216
126490
126753
126978
127109
127278
127318
127334
127595
128141
128226
128525
128604
128961
129064
129089
129395
129518
129526
129593
129620
129959
130158
130260
130742
130814
131116
131322
131438
131622
131632
131633
131849
131925
132036
132072
132099
132336
132359
132413
132477
132491
132588
132705
132795
133060
133128
133169
133217
133281
133435
133708
133727
133737
134008
134179
134272
134278
134483
134686
134843
134910
135025
135564
135566
135711
136094
136495
136587
136684
136765
136888
136902
137002
137127
137217
137227
137277
137349
137484
137611
137637
138071
138139
138209
138465
138562
